35
25
1000
2 0.85 0.03 0.67 20
2 1.00 0.41 0.50 13
2 0.22 0.83 0.12 13
2 0.62 0.65 0.49 52
2 0.11 0.70 0.09 8
2 0.46 0.57 0.04 18
2 0.68 0.32 0.58 26
2 0.89 0.85 0.68 12
2 0.04 0.57 0.12 41
2 0.46 0.85 0.68 14
2 0.34 0.65 0.96 11
2 0.87 0.05 0.19 7
2 0.28 0.48 0.48 16
2 0.42 0.79 0.92 37
2 0.73 0.74 0.44 29
2 0.45 0.84 0.64 11
2 0.30 0.35 0.81 11
2 0.14 0.12 1.00 22
2 0.53 0.94 0.43 12
2 0.76 0.49 0.18 16
2 0.87 0.68 0.62 29
2 0.52 0.09 0.63 37
2 0.33 0.03 0.82 21
2 0.77 0.41 0.06 13
2 0.21 0.37 0.88 12
1 cy 77 23 18.72
1 el 5 6 160.80
1 ytfftn 52 22 19.30
1 enku 59 15 79.41
1 ezhie 77 24 85.13
1 lkczfl 26 17 52.85
1 ndb 41 24 56.07
1 krlir 68 15 40.30
1 opjz 13 22 62.79
1 siod 31 20 110.42
1 fm 15 14 43.57
1 vcjnkl 1 17 8.96
1 lb 71 16 30.84
1 cin 68 22 48.02
1 uueeon 79 18 140.06
1 aitgvn 19 14 158.18
1 dmzoop 51 16 125.09
1 jy 59 4 129.55
1 bsf 65 5 51.91
1 nefakt 11 9 108.28
1 uuyp 74 18 86.30
1 oa 35 3 112.73
1 ecyu 63 9 191.67
1 kcg 40 13 85.98
1 cc 36 21 89.18
1 raz 14 4 11.82
1 adp 47 9 145.40
1 puccnz 12 2 86.49
1 yvjy 57 20 121.58
1 yc 75 19 60.83
1 czaj 11 17 143.60
1 ded 23 12 45.83
1 yt 2 15 33.46
1 hvte 76 4 109.06
1 dgpyoz 60 17 80.55
6 8 16.04
5 31 3.76
3 6 1 9
4 13 24 18
6 21 19.94
4 12 9 15
3 16 1 4
5 10 3.90
6 12 0.40
5 27 26.38
5 24 0.05
6 25 30.84
4 25 15 12
8 1 84.03
6 18 1.28
4 13 32 1
7 27 18
5 34 22.19
4 13 11 10
7 21 8
5 6 24.91
3 12 28 1
5 29 13.67
6 29 36.76
3 3 16 10
8 31 173.04
5 14 22.49
5 20 21.96
4 6 32 8
4 1 32 18
4 0 1 21
3 29 6 9
4 6 11 3
4 19 32 18
6 27 20.76
3 15 22 11
4 23 4 1
5 18 19.24
8 24 130.36
3 1 14 12
4 4 21 18
4 27 19 18
4 18 10 22
5 33 13.63
3 4 31 28
3 1 20 25
6 24 7.77
7 29 0
3 24 32 28
3 4 12 17
3 1 9 29
6 30 19.29
5 26 16.15
8 34 163.72
5 3 24.99
3 1 32 15
4 9 15 23
6 27 19.85
6 4 35.93
3 8 21 13
5 26 1.67
4 20 3 9
4 19 32 9
5 1 6.87
5 3 1.87
5 22 15.27
5 20 29.00
3 23 16 28
3 25 19 16
8 2 126.54
4 6 34 1
8 6 3.85
3 18 31 24
4 26 0 1
5 11 15.79
5 22 12.69
4 31 7 19
5 5 10.42
8 29 49.63
6 19 35.90
5 14 18.35
7 32 24
5 30 8.09
3 32 29 13
6 10 35.26
5 31 10.65
6 10 32.28
6 22 15.11
4 11 9 24
5 31 7.19
8 26 170.58
5 5 19.43
7 10 24
4 13 7 21
6 30 39.74
4 7 3 5
4 23 29 9
7 9 10
6 34 13.35
4 16 10 17
4 4 19 4
3 3 23 23
6 19 29.14
4 2 23 18
5 7 8.15
7 31 17
3 2 17 1
6 4 12.01
6 2 13.64
6 4 1.98
7 12 13
3 8 13 7
7 23 15
3 2 24 5
7 22 0
6 18 30.90
3 12 20 25
3 28 32 23
5 8 17.50
7 4 10
5 5 7.55
5 7 7.42
4 23 9 18
6 30 19.71
3 23 8 19
3 23 8 14
5 19 12.17
4 5 32 24
6 0 34.59
8 2 185.83
7 12 14
5 33 21.55
6 8 19.54
4 10 14 18
6 20 5.65
3 18 24 7
4 8 34 25
4 26 20 20
4 12 0 4
3 6 18 23
4 19 5 22
3 3 22 1
6 17 21.55
8 21 71.42
4 33 19 3
3 2 33 15
4 1 4 21
6 5 39.41
4 8 16 15
3 29 18 11
4 14 8 24
4 27 34 8
6 16 22.50
3 8 30 23
4 24 18 5
4 23 34 12
6 18 38.66
3 9 14 19
5 6 7.75
6 17 15.09
5 23 23.08
4 2 18 16
4 11 10 3
3 9 0 4
6 22 19.18
4 14 10 24
4 29 17 7
6 3 30.44
7 9 5
3 3 21 14
3 11 7 11
6 19 27.94
6 18 17.24
5 32 24.25
4 22 17 14
4 8 14 5
3 31 25 26
3 18 9 8
4 32 13 12
5 32 2.23
5 11 10.46
5 16 20.35
6 0 3.54
4 3 27 2
3 26 28 10
5 31 11.28
3 14 11 7
8 30 140.64
5 1 13.21
3 18 9 19
3 34 31 11
5 30 3.20
3 13 8 25
3 24 7 1
6 19 19.29
5 18 4.84
6 26 11.35
3 11 17 16
6 16 5.77
5 25 7.58
4 31 19 21
3 16 21 29
4 25 31 19
6 7 13.42
5 1 22.64
4 34 18 5
6 6 16.70
5 21 2.39
3 17 25 8
6 29 32.15
3 27 34 22
4 17 9 22
6 31 9.56
6 32 16.25
3 26 9 14
3 19 2 20
5 22 25.48
5 19 29.50
3 17 4 5
5 32 28.83
5 31 5.24
5 10 10.94
5 28 4.65
5 14 1.02
3 34 7 24
5 27 18.01
3 29 22 11
4 10 4 20
3 14 11 28
3 4 33 5
3 21 7 25
7 1 15
6 23 6.47
5 32 2.08
4 15 23 15
6 15 9.72
4 29 31 11
5 34 21.25
5 12 26.47
3 10 32 24
3 25 30 16
7 6 6
4 2 10 7
4 14 26 8
8 3 103.16
6 29 17.64
5 17 23.40
5 26 0.35
6 15 33.76
3 28 18 8
4 8 15 2
6 0 7.02
4 1 20 1
6 6 12.28
6 25 35.65
4 4 6 10
4 9 1 17
4 27 14 23
3 12 0 29
7 2 10
6 8 12.23
5 32 23.76
3 18 25 17
7 30 21
4 19 20 25
5 33 29.86
6 10 18.51
6 4 35.92
6 6 25.02
3 3 20 14
6 11 34.91
3 23 13 10
4 2 11 11
5 3 17.51
3 6 19 20
6 29 24.25
7 22 8
4 3 31 5
6 29 37.45
6 1 25.21
6 34 8.87
5 23 9.02
3 23 13 5
6 2 24.86
5 31 9.16
3 21 24 14
6 22 10.84
6 16 38.95
5 14 7.24
3 13 32 24
6 13 20.76
5 29 27.35
6 5 23.93
5 22 19.32
6 5 39.37
4 1 15 16
4 2 17 2
3 28 34 16
6 5 39.06
6 9 33.79
6 1 32.05
3 7 1 19
6 20 13.79
5 28 2.48
6 15 24.80
3 20 0 2
3 0 9 16
5 9 21.02
3 29 30 8
3 10 9 4
3 32 6 10
7 0 16
6 18 29.87
5 20 3.85
6 17 39.25
6 19 3.84
4 22 23 23
4 10 0 23
8 30 103.53
3 5 21 16
5 3 19.74
4 26 7 20
6 27 12.90
4 34 22 19
4 32 23 9
5 20 10.57
3 17 28 9
5 19 7.75
3 4 14 22
5 8 17.87
5 4 13.94
3 26 16 13
5 9 14.85
5 18 4.50
7 22 0
5 23 29.50
4 18 16 5
5 13 22.14
5 27 13.55
6 21 27.29
3 29 27 28
5 9 14.99
3 4 34 8
4 34 31 2
7 22 3
5 22 2.11
5 12 26.95
3 29 31 17
6 13 5.60
4 23 0 10
6 28 24.63
3 4 13 12
6 21 34.15
3 28 21 17
3 14 10 9
6 9 2.46
6 20 10.49
6 22 24.91
5 7 18.00
5 6 29.35
6 16 27.08
4 3 25 14
5 13 17.95
3 24 27 18
7 9 20
5 32 19.47
5 12 12.99
4 6 28 6
3 0 27 30
3 29 32 25
3 7 0 18
5 7 14.53
5 8 20.15
5 16 21.63
6 19 26.81
5 12 15.57
4 21 25 21
7 23 3
4 1 11 22
3 31 11 21
5 22 29.35
5 33 20.74
5 23 29.50
4 0 7 13
4 32 26 23
6 4 16.56
7 7 11
3 10 28 17
4 8 6 15
4 2 11 11
6 11 10.01
6 18 14.86
5 30 22.17
5 13 28.06
4 7 6 2
6 12 20.08
3 14 28 7
6 16 7.31
6 4 33.25
3 8 20 27
6 15 32.59
6 31 14.49
3 22 27 27
4 7 0 2
5 9 18.73
3 18 33 19
6 24 9.01
3 1 5 11
6 22 11.34
3 13 19 5
4 6 8 9
5 21 5.18
6 14 33.47
3 4 16 13
5 7 24.97
8 2 123.30
4 19 28 4
6 9 37.31
6 7 32.83
5 21 13.65
4 16 34 4
5 33 5.98
3 18 26 2
3 7 6 21
4 6 27 15
3 2 22 21
3 27 20 26
3 1 13 6
6 18 11.17
6 21 10.51
3 10 30 24
4 21 29 2
5 12 5.48
3 18 28 25
7 16 16
4 33 4 24
4 7 32 5
3 27 5 12
4 30 5 10
3 27 16 25
3 30 1 3
7 13 5
6 27 28.78
5 24 25.05
7 19 13
3 32 10 10
3 2 27 7
6 11 1.73
6 20 14.68
5 8 13.41
4 23 19 11
3 13 1 27
5 16 7.06
3 8 11 28
3 1 6 20
5 12 24.44
4 9 14 11
6 30 2.64
3 16 25 21
3 5 26 8
4 2 20 4
6 3 1.09
4 4 33 23
4 18 23 9
5 7 7.84
4 20 11 4
6 30 12.46
6 6 0.96
5 1 10.73
4 19 22 5
4 33 27 18
5 14 21.67
5 17 29.16
5 2 3.42
4 7 21 16
5 29 12.05
5 11 13.42
4 21 18 4
7 4 3
6 19 6.26
3 7 11 24
6 30 24.81
5 16 21.42
3 20 16 5
5 19 9.70
5 3 19.83
4 24 4 24
3 28 30 4
3 11 1 11
3 6 33 6
4 28 26 22
3 32 9 6
6 0 8.86
3 8 22 9
3 9 26 12
5 1 11.77
7 33 13
6 20 17.98
5 5 18.51
4 19 32 2
5 0 15.73
4 26 14 3
6 3 6.59
5 7 24.47
3 26 4 25
5 25 27.72
7 10 9
3 32 10 18
5 23 21.28
5 16 7.63
6 7 37.18
5 1 25.55
3 11 28 7
6 25 25.88
8 25 31.27
6 5 37.12
6 0 34.71
5 5 28.82
3 30 33 24
5 10 27.38
8 11 9.99
5 19 14.71
3 14 8 18
4 7 26 3
3 9 6 18
5 12 6.80
4 18 32 24
6 12 25.94
4 11 12 10
6 30 34.08
4 22 34 23
6 21 11.85
3 16 29 10
7 10 23
3 7 29 14
3 33 20 2
4 32 19 24
6 11 10.13
5 12 25.04
3 26 3 15
5 30 12.75
3 25 20 19
6 2 3.01
5 18 0.87
3 11 34 24
6 23 30.42
7 30 3
3 4 17 7
6 10 11.28
7 14 20
4 13 0 4
5 32 29.10
5 25 0.17
7 8 1
5 18 16.03
6 6 0.83
8 34 171.86
3 31 18 7
5 30 15.31
4 33 3 2
4 25 2 9
3 7 33 13
8 27 54.79
4 13 20 17
5 12 8.25
3 6 0 23
3 13 31 16
4 22 8 4
6 2 21.57
6 23 15.52
5 0 24.00
4 30 8 23
5 2 22.88
6 21 14.58
5 5 16.08
3 9 7 1
3 7 27 14
6 5 4.54
4 24 3 6
5 18 10.39
4 7 0 9
4 14 30 12
3 9 34 12
4 25 19 11
5 34 13.25
6 21 30.10
5 2 1.74
4 12 4 10
3 6 3 10
4 16 23 22
8 21 40.69
4 11 16 24
5 23 20.46
3 16 28 8
4 29 27 23
5 20 29.24
8 13 81.87
8 15 143.21
5 21 14.09
5 25 12.29
6 14 11.28
3 32 5 14
4 11 14 2
4 28 25 16
5 17 24.34
4 11 30 3
6 24 6.36
3 25 23 21
6 22 38.71
3 10 11 21
6 10 38.81
8 9 137.65
4 28 21 8
4 12 24 20
5 5 8.00
5 0 29.06
4 29 30 25
5 0 2.44
6 28 8.20
5 34 7.85
4 8 0 15
6 2 13.63
6 29 17.43
5 10 17.83
4 8 30 17
8 26 33.28
4 34 27 1
5 12 13.45
5 23 8.75
3 27 29 1
8 33 18.75
4 19 17 9
5 29 11.22
6 3 35.64
3 6 20 9
5 23 6.78
4 7 25 7
6 16 35.18
7 34 14
6 30 21.96
3 4 27 17
5 29 26.45
6 15 14.89
4 13 1 4
6 23 9.29
5 27 7.67
6 23 24.70
3 5 28 25
4 1 16 15
8 11 19.22
5 14 25.46
6 23 34.05
3 10 1 3
3 7 34 2
4 29 32 1
5 21 22.78
6 4 11.66
5 8 15.84
3 26 8 23
4 10 27 9
6 27 21.64
5 13 28.56
3 18 7 21
3 27 21 18
3 12 32 1
6 6 18.25
6 18 36.40
4 3 26 24
6 32 37.48
6 15 5.44
6 8 30.33
6 23 11.07
8 6 130.58
5 34 10.79
6 0 1.05
6 4 10.69
3 11 29 8
3 19 33 28
7 30 10
5 23 13.33
6 4 12.78
4 34 23 5
3 32 18 26
6 4 5.44
6 6 17.39
6 8 32.34
5 13 19.87
6 16 22.45
5 18 3.47
3 3 19 23
5 16 26.42
4 21 24 10
4 23 29 5
3 13 31 17
4 23 26 11
4 34 27 16
4 9 7 12
5 24 28.37
8 34 89.29
3 18 26 25
5 24 5.20
4 10 22 3
4 17 2 21
5 22 19.53
3 29 11 4
6 26 10.89
3 32 22 17
7 33 21
3 28 7 16
4 28 13 25
4 4 34 4
7 0 10
5 13 26.99
4 21 32 16
3 1 31 22
3 22 5 29
5 15 11.29
3 27 34 18
4 4 20 8
6 17 29.50
4 6 12 6
8 14 199.17
6 20 37.64
6 19 24.12
6 6 7.49
5 26 28.41
8 32 56.00
5 1 26.72
4 28 7 4
3 9 20 25
6 10 7.07
5 21 1.26
4 23 2 24
6 27 34.51
6 20 38.58
5 5 2.02
5 0 21.52
6 27 10.19
4 19 2 7
4 20 29 12
4 20 4 15
3 26 24 29
7 34 10
6 27 24.56
5 6 13.13
3 0 25 3
4 18 15 23
3 4 29 9
6 33 10.21
4 31 2 6
4 32 1 3
6 1 11.05
5 22 24.63
5 26 18.40
3 15 32 5
4 16 26 8
6 31 2.00
6 1 32.55
5 12 14.62
8 34 24.18
6 30 10.26
6 11 4.92
5 26 26.95
6 5 29.62
4 31 8 2
5 16 5.48
6 19 19.02
7 13 24
6 27 16.38
6 22 27.49
3 8 3 13
4 19 16 19
5 27 22.97
6 33 2.28
8 19 36.97
6 14 15.42
8 18 107.05
3 4 15 7
7 8 2
4 16 2 16
6 27 22.61
6 29 24.21
4 7 4 7
4 0 9 8
4 7 23 14
6 10 37.40
4 27 15 25
7 29 6
6 21 23.01
4 31 25 16
6 27 34.52
6 24 32.67
6 15 9.79
7 0 17
5 32 14.93
6 17 5.93
7 21 6
5 14 23.38
6 10 6.22
6 22 3.93
7 13 11
4 29 15 7
5 18 13.67
6 7 31.43
6 25 36.69
8 23 47.21
4 14 24 15
4 19 27 10
5 30 23.25
4 8 9 8
6 3 11.04
5 14 0.06
5 15 7.76
6 14 30.35
4 15 21 10
4 8 7 21
8 20 74.19
3 24 1 7
3 2 8 25
5 12 29.31
5 29 25.26
3 28 12 29
3 28 24 3
5 22 18.92
6 8 24.73
5 34 20.19
4 25 8 2
5 19 22.34
8 0 16.66
5 18 14.19
3 30 3 30
5 24 19.54
5 14 8.28
8 15 28.70
6 32 15.82
4 8 13 4
8 5 8.01
3 18 23 30
5 1 6.05
3 27 9 19
6 30 34.34
6 6 23.09
4 2 7 10
3 32 5 27
4 25 19 25
4 16 23 8
5 29 14.10
3 26 24 30
4 20 12 11
4 20 25 25
6 4 31.00
5 6 16.70
7 17 10
6 29 20.16
4 30 18 3
4 7 18 2
3 4 22 27
3 24 25 20
3 0 24 10
6 11 17.07
5 34 13.36
3 24 14 27
5 15 18.70
5 21 18.36
6 10 13.58
3 9 23 17
6 32 33.22
8 13 129.72
8 17 186.89
4 24 0 13
4 33 24 23
3 1 23 24
4 7 29 16
5 3 14.37
3 33 1 14
5 1 0.53
8 6 1.97
7 21 4
5 11 20.70
4 6 28 2
3 11 34 20
4 27 8 4
6 1 26.08
3 16 25 28
4 34 4 25
5 23 7.37
7 12 2
3 26 25 5
6 0 36.90
4 18 5 6
3 17 21 8
4 8 7 2
6 23 33.73
4 28 5 18
5 13 5.75
7 33 14
4 23 20 25
7 12 16
5 6 17.04
6 34 23.32
6 9 10.86
6 22 32.53
3 6 29 22
3 2 14 5
4 13 1 8
4 15 12 11
4 10 18 25
6 3 31.22
6 16 26.05
5 5 4.83
6 28 38.03
5 1 28.76
6 7 31.49
4 26 27 3
4 5 13 12
3 27 17 8
5 12 15.35
6 10 37.16
5 12 10.85
7 10 3
6 33 20.03
4 27 32 14
3 13 6 7
6 13 30.62
5 14 4.41
5 13 10.13
3 8 14 15
6 25 27.84
5 26 20.34
8 27 137.68
5 5 1.82
8 16 24.42
6 6 34.55
8 5 31.61
3 5 27 5
3 2 5 5
8 23 142.07
3 31 20 2
6 7 22.64
4 8 31 20
